Camera Intrinsic Matrix：
[1179.257896283744, 0, 716.0123846528552;
 0, 1180.072681541319, 529.5220406200264;
 0, 0, 1]

Distortion coefficient：
[0.09939472477247602, 1.193443074567946, -0.001001326287790352, -0.002679431590100876, -12.12634768239088]


The R vector of picture 1:
[-11.28655175550306;
 -26.44731222334842;
 125.2171389547585]
The R matrix of picture 1:
[-0.9313686968875329, -0.2796331316492263, -0.2331472970936299;
 0.3500304523392227, -0.8639103676530082, -0.3621292022149596;
 -0.1001550442724578, -0.4188844570352193, 0.9024991849088237]
the t of picture 1：
[2.153529113429857;
 1.817135220669661;
 -0.3623355697737661]

The R vector of picture 2:
[-8.563758117573689;
 -19.69626055546507;
 297.3529988362189]
The R matrix of picture 2:
[-0.9464679642694679, -0.3135223000274465, -0.07682551657560928;
 0.3209163002454001, -0.9395724520280404, -0.1192322759441423;
 -0.03480116159575139, -0.137504090031954, 0.9898896425238874]
the t of picture 2：
[-1.166428682554756;
 -2.840041237700923;
 -0.4750367851032956]

The R vector of picture 3:
[-20.35390349413615;
 -13.58589101391475;
 215.8680203696863]
The R matrix of picture 3:
[-0.8700690858683523, 0.4705913578099159, -0.1467090991412245;
 -0.4484843459401442, -0.8792510284106482, -0.1605597100316852;
 -0.2045521382504985, -0.07390130576273626, 0.9760619958505259]
the t of picture 3：
[-2.064196136885957;
 -1.93868349833068;
 0.6296598355251009]

The R vector of picture 4:
[-22.7595449014086;
 -15.89525618261365;
 103.1226117703458]
The R matrix of picture 4:
[0.9998035618611183, 0.01959527665667717, 0.002977049305816042;
 -0.01958222152091153, 0.9997987742454868, -0.004352886114761151;
 -0.003061746254497019, 0.004293733802928831, 0.9999860946832724]
the t of picture 4：
[-2.08763344297869;
 -2.064016421434847;
 -0.1591994644233616]



